Experiment3Data =    [0.0233    0.0226    0.0379    0.0310    0.0387    0.0334;
    0.0204    0.0241    0.0272    0.0283    0.0401    0.0454;
    0.0213    0.0246    0.0269    0.0288    0.0387    0.0499;
    0.0178    0.0187    0.0235    0.0235    0.0266    0.0270;
    0.0298    0.0221    0.0299    0.0221    0.0297    0.0319;
    0.0247    0.0237    0.0280    0.0281    0.0335    0.0295;
    0.0233    0.0218    0.0215    0.0248    0.0268    0.0277;
    0.0266    0.0220    0.0237    0.0321    0.0236    0.0399;
    0.0300    0.0205    0.0210    0.0249    0.0304    0.0278;
    0.0202    0.0182    0.0363    0.0335    0.0357    0.0395;
    0.0206    0.0239    0.0296    0.0306    0.0333    0.0462;
    0.0265    0.0287    0.0285    0.0399    0.0481    0.0505];

Experiment6Data =	[0.0215    0.0222    0.0239    0.0286    0.0296    0.0370    0.0375    0.0553    0.0271
    0.0208    0.0197    0.0276    0.0258    0.0291    0.0299    0.0270    0.0312    0.0323;
    0.0240    0.0225    0.0211    0.0221    0.0248    0.0377    0.0354    0.0382    0.0272;
    0.0210    0.0195    0.0246    0.0248    0.0236    0.0324    0.0310    0.0323    0.0279;
    0.0149    0.0158    0.0236    0.0168    0.0258    0.0243    0.0313    0.0325    0.0326;
    0.0197    0.0228    0.0300    0.0223    0.0222    0.0265    0.0228    0.0299    0.0323;
    0.0369    0.0284    0.0233    0.0291    0.0256    0.0304    0.0301    0.0345    0.0445;
    0.0289    0.0283    0.0287    0.0285    0.0315    0.0372    0.0408    0.0367    0.0347;
    0.0373    0.0592    0.0335    0.0453    0.0281    0.0355    0.0246    0.0424    0.0382;
    0.0201    0.0202    0.0190    0.0272    0.0338    0.0282    0.0332    0.0285    0.0501;
    0.0242    0.0170    0.0337    0.0214    0.0278    0.0287    0.0314    0.0321    0.0335;
    0.0226    0.0207    0.0212    0.0196    0.0218    0.0287    0.0280    0.0362    0.0318;
    0.0226    0.0186    0.0294    0.0245    0.0350    0.0301    0.0334    0.0382    0.0298;
    0.0299    0.0223    0.0303    0.0212    0.0367    0.0291    0.0322    0.0346    0.0296;
    0.0409    0.0379    0.0278    0.0345    0.0288    0.0239    0.0419    0.0487    0.0341;
    0.0234    0.0170    0.0313    0.0250    0.0299    0.0229    0.0252    0.0465    0.0323;
    0.0222    0.0284    0.0264    0.0295    0.0255    0.0319    0.0327    0.0281    0.0336;
    0.0297    0.0331    0.0268    0.0245    0.0288    0.0355    0.0283    0.0333    0.0305];

% mean(Experiment3Data)
% ans =
%     0.0237    0.0226    0.0278    0.0290    0.0338    0.0374
% std(Experiment3Data)
% ans =
%     0.0039    0.0028    0.0053    0.0049    0.0069    0.0090
% 
% mean(Experiment6Data)
% ans =
%     0.0256    0.0252    0.0268    0.0262    0.0282    0.0305    0.0315    0.0366    0.0334
% std(Experiment6Data)
% ans =
%     0.0070    0.0103    0.0043    0.0064    0.0042    0.0046    0.0052    0.0074    0.0058
%     